tensor([[ 4., 11.],
        [ 1.,  6.],
        [11., 12.],
        [ 9., 11.]])
tensor([[ 4., 12.],
        [ 1.,  7.],
        [11., 13.],
        [ 8., 11.]])
tensor([[ 4., 13.],
        [ 1.,  8.],
        [11., 14.],
        [ 8., 10.]])
tensor([[ 4., 14.],
        [ 1.,  9.],
        [11., 15.],
        [ 8., 11.]])tensor([[ 4., 15.],
        [ 1., 10.],
        [11., 16.],
        [ 9., 11.]])tensor([[ 4., 16.],
        [ 1., 11.],
        [11., 17.],
        [ 9., 10.]])tensor([[ 4., 17.],
        [ 1., 12.],
        [11., 18.],
        [ 8., 10.]])tensor([[ 4., 18.],
        [ 1., 13.],
        [11., 19.],
        [ 8.,  9.]])tensor([[ 4., 19.],
        [ 1., 14.],
        [11., 20.],
        [ 8.,  8.]])tensor([[ 4., 20.],
        [ 1., 15.],
        [11., 21.],
        [ 9.,  8.]])tensor([[ 4., 21.],
        [ 1., 16.],
        [11., 22.],
        [10.,  8.]])tensor([[ 4., 22.],
        [ 1., 17.],
        [11., 23.],
        [10.,  7.]])tensor([[ 4., 23.],
        [ 1., 18.],
        [11., 24.],
        [ 9.,  7.]])tensor([[ 4., 24.],
        [ 1., 19.],
        [11., 25.],
        [10.,  7.]])tensor([[ 4., 25.],
        [ 1., 20.],
        [11., 26.],
        [10.,  8.]])tensor([[ 4., 26.],
        [ 1., 21.],
        [11., 27.],
        [ 9.,  8.]])